     0  11004  10092   9770   9753   7868 
 11004      0  10153  10142  10020   7574 
 10092  10153      0  11044  11606   5859 
  9770  10142  11044      0  10073   8157 
  9753  10020  11606  10073      0   9464 
  7868   7574   5859   8157   9464      0 
