     0  12675  13064  12796  13027  10973  13328  12680 
 12675      0  13129  13262  12593  10904  12705  13321 
 13064  13129      0  13019  12893  10928  13094  12840 
 12796  13262  13019      0  12885  11181  12826  13077 
 13027  12593  12893  12885      0  10864  13161  13070 
 10973  10904  10928  11181  10864      0  10927  10645 
 13328  12705  13094  12826  13161  10927      0  13004 
 12680  13321  12840  13077  13070  10645  13004      0 
