     0  11740   6644  11649  12092  12708  11899 
 11740      0   6570  11832  12224  11780  12364 
  6644   6570      0   7026   6913   6475   6901 
 11649  11832   7026      0  11772  12384  11931 
 12092  12224   6913  11772      0  12039  12491 
 12708  11780   6475  12384  12039      0  11845 
 11899  12364   6901  11931  12491  11845      0 
