     0  12645  12417   6930  11921  11930  12409  12531 
 12645      0  12440   6942  11200  11485  12982  11966 
 12417  12440      0   6596  11786  12049  12726  11858 
  6930   6942   6596      0   6578   6331   6620   6186 
 11921  11200  11786   6578      0  12198  11553  12245 
 11930  11485  12049   6331  12198      0  11451  12370 
 12409  12982  12726   6620  11553  11451      0  11891 
 12531  11966  11858   6186  12245  12370  11891      0 
