     0  12801  12796  12967  12927   6658 
 12801      0  12387  12510  12708   6305 
 12796  12387      0  13253  13451   6586 
 12967  12510  13253      0  13876   6717 
 12927  12708  13451  13876      0   6745 
  6658   6305   6586   6717   6745      0 
