     0  11715  11871  12062   6959  11640  12209  11110 
 11715      0  11855  11490   6458  10923  12051  11932 
 11871  11855      0  12115   6174  11720  11790  12121 
 12062  11490  12115      0   6915  12021  12521  11924 
  6959   6458   6174   6915      0   6774   6898   6496 
 11640  10923  11720  12021   6774      0  11975  11767 
 12209  12051  11790  12521   6898  11975      0  11804 
 11110  11932  12121  11924   6496  11767  11804      0 
