     0   6904  11787  11673   6609  11620 
  6904      0   6319   6372  12899   6353 
 11787   6319      0  11413   6578  11648 
 11673   6372  11413      0   6311  11684 
  6609  12899   6578   6311      0   6349 
 11620   6353  11648  11684   6349      0 
