     0  12931  13403  12757  12826  13166  12840 
 12931      0  12794  12859  12991  12509  13053 
 13403  12794      0  13125  13192  13029  12907 
 12757  12859  13125      0  13093  12405  12572 
 12826  12991  13192  13093      0  13162  13264 
 13166  12509  13029  12405  13162      0  12782 
 12840  13053  12907  12572  13264  12782      0 
