     0   5291   6810   7658   6547   7203   6575   5470   7458   6973 
  5291      0   7689   7905  10872   8742   7149   7751   9280   8496 
  6810   7689      0   9615   9452   9468   7567   8794  10256   8556 
  7658   7905   9615      0  10625  10087  10429  10574  11688  10630 
  6547  10872   9452  10625      0   8908   9041   9879  10674  10239 
  7203   8742   9468  10087   8908      0   8215   8408  10838   9711 
  6575   7149   7567  10429   9041   8215      0  10308   9103   8976 
  5470   7751   8794  10574   9879   8408  10308      0   9806   8773 
  7458   9280  10256  11688  10674  10838   9103   9806      0  11066 
  6973   8496   8556  10630  10239   9711   8976   8773  11066      0 
