     0  12246  15705  10729  15737   9301  13426   7549  15744  12243 
 12246      0  12851   9938  12565   7262  11243   7796  11539  16922 
 15705  12851      0  12164  14445   7961  14310   8890  17349  13230 
 10729   9938  12164      0   9783   5279  12501   5899  10650   9867 
 15737  12565  14445   9783      0   7868  13025   7092  13350  12461 
  9301   7262   7961   5279   7868      0   6138   7686   7155   7225 
 13426  11243  14310  12501  13025   6138      0   7098  12926  12030 
  7549   7796   8890   5899   7092   7686   7098      0   8383   7411 
 15744  11539  17349  10650  13350   7155  12926   8383      0  11849 
 12243  16922  13230   9867  12461   7225  12030   7411  11849      0 
