     0  11782  11502  11589  11436  11383 
 11782      0  12362  12006  11905  11669 
 11502  12362      0  12002  11747  11828 
 11589  12006  12002      0  11852  11929 
 11436  11905  11747  11852      0  12554 
 11383  11669  11828  11929  12554      0 
