     0  11697  12362  12000   6960  11365   5985  11656 
 11697      0  12020  11576   6290  11804   5098  12468 
 12362  12020      0  12866   7052  12294   4967  12316 
 12000  11576  12866      0   6386  11609   5045  11945 
  6960   6290   7052   6386      0   6621   8715   6695 
 11365  11804  12294  11609   6621      0   5446  12465 
  5985   5098   4967   5045   8715   5446      0   5689 
 11656  12468  12316  11945   6695  12465   5689      0 
